+-------------------------------------------------------------------------------------------------------------------------------------------------------------------------------------------------------------------------------------------------------------------------------------------------------------------------------------------------------------------+
; Legal Partition Candidates                                                                                                                                                                                                                                                                                                                                        ;
+--------------------------------------------------------------------------------------------------------------------------------------------------------------+-------+----------------+--------------+----------------+--------+-----------------+---------------+-----------------+-------+----------------+--------------+------------------+-------------------+
; Hierarchy                                                                                                                                                    ; Input ; Constant Input ; Unused Input ; Floating Input ; Output ; Constant Output ; Unused Output ; Floating Output ; Bidir ; Constant Bidir ; Unused Bidir ; Input only Bidir ; Output only Bidir ;
+--------------------------------------------------------------------------------------------------------------------------------------------------------------+-------+----------------+--------------+----------------+--------+-----------------+---------------+-----------------+-------+----------------+--------------+------------------+-------------------+
; clocks                                                                                                                                                       ; 1     ; 0              ; 0            ; 0              ; 3      ; 0               ; 0             ; 0               ; 0     ; 0              ; 0            ; 0                ; 0                 ;
; unit2|for_static                                                                                                                                             ; 15    ; 13             ; 0            ; 13             ; 1      ; 13              ; 13            ; 13              ; 0     ; 0              ; 0            ; 0                ; 0                 ;
; unit2|sync_unit5                                                                                                                                             ; 2     ; 1              ; 0            ; 1              ; 1      ; 1               ; 1             ; 1               ; 0     ; 0              ; 0            ; 0                ; 0                 ;
; unit2|sync_unit4                                                                                                                                             ; 2     ; 1              ; 0            ; 1              ; 1      ; 1               ; 1             ; 1               ; 0     ; 0              ; 0            ; 0                ; 0                 ;
; unit2|sync_unit3                                                                                                                                             ; 2     ; 1              ; 0            ; 1              ; 1      ; 1               ; 1             ; 1               ; 0     ; 0              ; 0            ; 0                ; 0                 ;
; unit2|sync_unit2                                                                                                                                             ; 2     ; 1              ; 0            ; 1              ; 1      ; 1               ; 1             ; 1               ; 0     ; 0              ; 0            ; 0                ; 0                 ;
; unit2|sync_unit1                                                                                                                                             ; 2     ; 1              ; 0            ; 1              ; 1      ; 1               ; 1             ; 1               ; 0     ; 0              ; 0            ; 0                ; 0                 ;
; unit2|sync_unit0                                                                                                                                             ; 2     ; 1              ; 0            ; 1              ; 1      ; 1               ; 1             ; 1               ; 0     ; 0              ; 0            ; 0                ; 0                 ;
; unit2|unit5|pwmunit                                                                                                                                          ; 15    ; 5              ; 0            ; 5              ; 1      ; 5               ; 5             ; 5               ; 0     ; 0              ; 0            ; 0                ; 0                 ;
; unit2|unit5|sineRom                                                                                                                                          ; 9     ; 5              ; 1            ; 5              ; 8      ; 5               ; 5             ; 5               ; 0     ; 0              ; 0            ; 0                ; 0                 ;
; unit2|unit5                                                                                                                                                  ; 5     ; 0              ; 0            ; 0              ; 1      ; 0               ; 0             ; 0               ; 0     ; 0              ; 0            ; 0                ; 0                 ;
; unit2|unit4|pwmunit                                                                                                                                          ; 15    ; 5              ; 0            ; 5              ; 1      ; 5               ; 5             ; 5               ; 0     ; 0              ; 0            ; 0                ; 0                 ;
; unit2|unit4|sineRom                                                                                                                                          ; 9     ; 5              ; 1            ; 5              ; 8      ; 5               ; 5             ; 5               ; 0     ; 0              ; 0            ; 0                ; 0                 ;
; unit2|unit4                                                                                                                                                  ; 5     ; 0              ; 0            ; 0              ; 1      ; 0               ; 0             ; 0               ; 0     ; 0              ; 0            ; 0                ; 0                 ;
; unit2|unit3|pwmunit                                                                                                                                          ; 15    ; 5              ; 0            ; 5              ; 1      ; 5               ; 5             ; 5               ; 0     ; 0              ; 0            ; 0                ; 0                 ;
; unit2|unit3|sineRom                                                                                                                                          ; 9     ; 5              ; 1            ; 5              ; 8      ; 5               ; 5             ; 5               ; 0     ; 0              ; 0            ; 0                ; 0                 ;
; unit2|unit3                                                                                                                                                  ; 5     ; 0              ; 0            ; 0              ; 1      ; 0               ; 0             ; 0               ; 0     ; 0              ; 0            ; 0                ; 0                 ;
; unit2|unit2|pwmunit                                                                                                                                          ; 15    ; 5              ; 0            ; 5              ; 1      ; 5               ; 5             ; 5               ; 0     ; 0              ; 0            ; 0                ; 0                 ;
; unit2|unit2|sineRom                                                                                                                                          ; 9     ; 5              ; 1            ; 5              ; 8      ; 5               ; 5             ; 5               ; 0     ; 0              ; 0            ; 0                ; 0                 ;
; unit2|unit2                                                                                                                                                  ; 5     ; 0              ; 0            ; 0              ; 1      ; 0               ; 0             ; 0               ; 0     ; 0              ; 0            ; 0                ; 0                 ;
; unit2|unit1|pwmunit                                                                                                                                          ; 15    ; 5              ; 0            ; 5              ; 1      ; 5               ; 5             ; 5               ; 0     ; 0              ; 0            ; 0                ; 0                 ;
; unit2|unit1|sineRom                                                                                                                                          ; 9     ; 5              ; 1            ; 5              ; 8      ; 5               ; 5             ; 5               ; 0     ; 0              ; 0            ; 0                ; 0                 ;
; unit2|unit1                                                                                                                                                  ; 5     ; 0              ; 0            ; 0              ; 1      ; 0               ; 0             ; 0               ; 0     ; 0              ; 0            ; 0                ; 0                 ;
; unit2|unit0|pwmunit                                                                                                                                          ; 15    ; 5              ; 0            ; 5              ; 1      ; 5               ; 5             ; 5               ; 0     ; 0              ; 0            ; 0                ; 0                 ;
; unit2|unit0|sineRom                                                                                                                                          ; 9     ; 5              ; 1            ; 5              ; 8      ; 5               ; 5             ; 5               ; 0     ; 0              ; 0            ; 0                ; 0                 ;
; unit2|unit0                                                                                                                                                  ; 5     ; 0              ; 0            ; 0              ; 1      ; 0               ; 0             ; 0               ; 0     ; 0              ; 0            ; 0                ; 0                 ;
; unit2                                                                                                                                                        ; 13    ; 0              ; 0            ; 0              ; 2      ; 0               ; 0             ; 0               ; 0     ; 0              ; 0            ; 0                ; 0                 ;
; unit1|for_static                                                                                                                                             ; 15    ; 13             ; 0            ; 13             ; 1      ; 13              ; 13            ; 13              ; 0     ; 0              ; 0            ; 0                ; 0                 ;
; unit1|sync_unit5                                                                                                                                             ; 2     ; 1              ; 0            ; 1              ; 1      ; 1               ; 1             ; 1               ; 0     ; 0              ; 0            ; 0                ; 0                 ;
; unit1|sync_unit4                                                                                                                                             ; 2     ; 1              ; 0            ; 1              ; 1      ; 1               ; 1             ; 1               ; 0     ; 0              ; 0            ; 0                ; 0                 ;
; unit1|sync_unit3                                                                                                                                             ; 2     ; 1              ; 0            ; 1              ; 1      ; 1               ; 1             ; 1               ; 0     ; 0              ; 0            ; 0                ; 0                 ;
; unit1|sync_unit2                                                                                                                                             ; 2     ; 1              ; 0            ; 1              ; 1      ; 1               ; 1             ; 1               ; 0     ; 0              ; 0            ; 0                ; 0                 ;
; unit1|sync_unit1                                                                                                                                             ; 2     ; 1              ; 0            ; 1              ; 1      ; 1               ; 1             ; 1               ; 0     ; 0              ; 0            ; 0                ; 0                 ;
; unit1|sync_unit0                                                                                                                                             ; 2     ; 1              ; 0            ; 1              ; 1      ; 1               ; 1             ; 1               ; 0     ; 0              ; 0            ; 0                ; 0                 ;
; unit1|unit5|pwmunit                                                                                                                                          ; 15    ; 5              ; 0            ; 5              ; 1      ; 5               ; 5             ; 5               ; 0     ; 0              ; 0            ; 0                ; 0                 ;
; unit1|unit5|sineRom                                                                                                                                          ; 9     ; 5              ; 1            ; 5              ; 8      ; 5               ; 5             ; 5               ; 0     ; 0              ; 0            ; 0                ; 0                 ;
; unit1|unit5                                                                                                                                                  ; 5     ; 0              ; 0            ; 0              ; 1      ; 0               ; 0             ; 0               ; 0     ; 0              ; 0            ; 0                ; 0                 ;
; unit1|unit4|pwmunit                                                                                                                                          ; 15    ; 5              ; 0            ; 5              ; 1      ; 5               ; 5             ; 5               ; 0     ; 0              ; 0            ; 0                ; 0                 ;
; unit1|unit4|sineRom                                                                                                                                          ; 9     ; 5              ; 1            ; 5              ; 8      ; 5               ; 5             ; 5               ; 0     ; 0              ; 0            ; 0                ; 0                 ;
; unit1|unit4                                                                                                                                                  ; 5     ; 0              ; 0            ; 0              ; 1      ; 0               ; 0             ; 0               ; 0     ; 0              ; 0            ; 0                ; 0                 ;
; unit1|unit3|pwmunit                                                                                                                                          ; 15    ; 5              ; 0            ; 5              ; 1      ; 5               ; 5             ; 5               ; 0     ; 0              ; 0            ; 0                ; 0                 ;
; unit1|unit3|sineRom                                                                                                                                          ; 9     ; 5              ; 1            ; 5              ; 8      ; 5               ; 5             ; 5               ; 0     ; 0              ; 0            ; 0                ; 0                 ;
; unit1|unit3                                                                                                                                                  ; 5     ; 0              ; 0            ; 0              ; 1      ; 0               ; 0             ; 0               ; 0     ; 0              ; 0            ; 0                ; 0                 ;
; unit1|unit2|pwmunit                                                                                                                                          ; 15    ; 5              ; 0            ; 5              ; 1      ; 5               ; 5             ; 5               ; 0     ; 0              ; 0            ; 0                ; 0                 ;
; unit1|unit2|sineRom                                                                                                                                          ; 9     ; 5              ; 1            ; 5              ; 8      ; 5               ; 5             ; 5               ; 0     ; 0              ; 0            ; 0                ; 0                 ;
; unit1|unit2                                                                                                                                                  ; 5     ; 0              ; 0            ; 0              ; 1      ; 0               ; 0             ; 0               ; 0     ; 0              ; 0            ; 0                ; 0                 ;
; unit1|unit1|pwmunit                                                                                                                                          ; 15    ; 5              ; 0            ; 5              ; 1      ; 5               ; 5             ; 5               ; 0     ; 0              ; 0            ; 0                ; 0                 ;
; unit1|unit1|sineRom                                                                                                                                          ; 9     ; 5              ; 1            ; 5              ; 8      ; 5               ; 5             ; 5               ; 0     ; 0              ; 0            ; 0                ; 0                 ;
; unit1|unit1                                                                                                                                                  ; 5     ; 0              ; 0            ; 0              ; 1      ; 0               ; 0             ; 0               ; 0     ; 0              ; 0            ; 0                ; 0                 ;
; unit1|unit0|pwmunit                                                                                                                                          ; 15    ; 5              ; 0            ; 5              ; 1      ; 5               ; 5             ; 5               ; 0     ; 0              ; 0            ; 0                ; 0                 ;
; unit1|unit0|sineRom                                                                                                                                          ; 9     ; 5              ; 1            ; 5              ; 8      ; 5               ; 5             ; 5               ; 0     ; 0              ; 0            ; 0                ; 0                 ;
; unit1|unit0                                                                                                                                                  ; 5     ; 0              ; 0            ; 0              ; 1      ; 0               ; 0             ; 0               ; 0     ; 0              ; 0            ; 0                ; 0                 ;
; unit1                                                                                                                                                        ; 13    ; 0              ; 0            ; 0              ; 2      ; 0               ; 0             ; 0               ; 0     ; 0              ; 0            ; 0                ; 0                 ;
; unit0|for_static                                                                                                                                             ; 15    ; 13             ; 0            ; 13             ; 1      ; 13              ; 13            ; 13              ; 0     ; 0              ; 0            ; 0                ; 0                 ;
; unit0|sync_unit5                                                                                                                                             ; 2     ; 1              ; 0            ; 1              ; 1      ; 1               ; 1             ; 1               ; 0     ; 0              ; 0            ; 0                ; 0                 ;
; unit0|sync_unit4                                                                                                                                             ; 2     ; 1              ; 0            ; 1              ; 1      ; 1               ; 1             ; 1               ; 0     ; 0              ; 0            ; 0                ; 0                 ;
; unit0|sync_unit3                                                                                                                                             ; 2     ; 1              ; 0            ; 1              ; 1      ; 1               ; 1             ; 1               ; 0     ; 0              ; 0            ; 0                ; 0                 ;
; unit0|sync_unit2                                                                                                                                             ; 2     ; 1              ; 0            ; 1              ; 1      ; 1               ; 1             ; 1               ; 0     ; 0              ; 0            ; 0                ; 0                 ;
; unit0|sync_unit1                                                                                                                                             ; 2     ; 1              ; 0            ; 1              ; 1      ; 1               ; 1             ; 1               ; 0     ; 0              ; 0            ; 0                ; 0                 ;
; unit0|sync_unit0                                                                                                                                             ; 2     ; 1              ; 0            ; 1              ; 1      ; 1               ; 1             ; 1               ; 0     ; 0              ; 0            ; 0                ; 0                 ;
; unit0|unit5|pwmunit                                                                                                                                          ; 15    ; 5              ; 0            ; 5              ; 1      ; 5               ; 5             ; 5               ; 0     ; 0              ; 0            ; 0                ; 0                 ;
; unit0|unit5|sineRom                                                                                                                                          ; 9     ; 5              ; 1            ; 5              ; 8      ; 5               ; 5             ; 5               ; 0     ; 0              ; 0            ; 0                ; 0                 ;
; unit0|unit5                                                                                                                                                  ; 5     ; 0              ; 0            ; 0              ; 1      ; 0               ; 0             ; 0               ; 0     ; 0              ; 0            ; 0                ; 0                 ;
; unit0|unit4|pwmunit                                                                                                                                          ; 15    ; 5              ; 0            ; 5              ; 1      ; 5               ; 5             ; 5               ; 0     ; 0              ; 0            ; 0                ; 0                 ;
; unit0|unit4|sineRom                                                                                                                                          ; 9     ; 5              ; 1            ; 5              ; 8      ; 5               ; 5             ; 5               ; 0     ; 0              ; 0            ; 0                ; 0                 ;
; unit0|unit4                                                                                                                                                  ; 5     ; 0              ; 0            ; 0              ; 1      ; 0               ; 0             ; 0               ; 0     ; 0              ; 0            ; 0                ; 0                 ;
; unit0|unit3|pwmunit                                                                                                                                          ; 15    ; 5              ; 0            ; 5              ; 1      ; 5               ; 5             ; 5               ; 0     ; 0              ; 0            ; 0                ; 0                 ;
; unit0|unit3|sineRom                                                                                                                                          ; 9     ; 5              ; 1            ; 5              ; 8      ; 5               ; 5             ; 5               ; 0     ; 0              ; 0            ; 0                ; 0                 ;
; unit0|unit3                                                                                                                                                  ; 5     ; 0              ; 0            ; 0              ; 1      ; 0               ; 0             ; 0               ; 0     ; 0              ; 0            ; 0                ; 0                 ;
; unit0|unit2|pwmunit                                                                                                                                          ; 15    ; 5              ; 0            ; 5              ; 1      ; 5               ; 5             ; 5               ; 0     ; 0              ; 0            ; 0                ; 0                 ;
; unit0|unit2|sineRom                                                                                                                                          ; 9     ; 5              ; 1            ; 5              ; 8      ; 5               ; 5             ; 5               ; 0     ; 0              ; 0            ; 0                ; 0                 ;
; unit0|unit2                                                                                                                                                  ; 5     ; 0              ; 0            ; 0              ; 1      ; 0               ; 0             ; 0               ; 0     ; 0              ; 0            ; 0                ; 0                 ;
; unit0|unit1|pwmunit                                                                                                                                          ; 15    ; 5              ; 0            ; 5              ; 1      ; 5               ; 5             ; 5               ; 0     ; 0              ; 0            ; 0                ; 0                 ;
; unit0|unit1|sineRom                                                                                                                                          ; 9     ; 5              ; 1            ; 5              ; 8      ; 5               ; 5             ; 5               ; 0     ; 0              ; 0            ; 0                ; 0                 ;
; unit0|unit1                                                                                                                                                  ; 5     ; 0              ; 0            ; 0              ; 1      ; 0               ; 0             ; 0               ; 0     ; 0              ; 0            ; 0                ; 0                 ;
; unit0|unit0|pwmunit                                                                                                                                          ; 15    ; 5              ; 0            ; 5              ; 1      ; 5               ; 5             ; 5               ; 0     ; 0              ; 0            ; 0                ; 0                 ;
; unit0|unit0|sineRom                                                                                                                                          ; 9     ; 5              ; 1            ; 5              ; 8      ; 5               ; 5             ; 5               ; 0     ; 0              ; 0            ; 0                ; 0                 ;
; unit0|unit0                                                                                                                                                  ; 5     ; 0              ; 0            ; 0              ; 1      ; 0               ; 0             ; 0               ; 0     ; 0              ; 0            ; 0                ; 0                 ;
; unit0                                                                                                                                                        ; 13    ; 0              ; 0            ; 0              ; 2      ; 0               ; 0             ; 0               ; 0     ; 0              ; 0            ; 0                ; 0                 ;
; u0|irq_mapper                                                                                                                                                ; 3     ; 31             ; 2            ; 31             ; 32     ; 31              ; 31            ; 31              ; 0     ; 0              ; 0            ; 0                ; 0                 ;
; u0|rsp_xbar_mux_001|arb|adder                                                                                                                                ; 24    ; 12             ; 0            ; 12             ; 12     ; 12              ; 12            ; 12              ; 0     ; 0              ; 0            ; 0                ; 0                 ;
; u0|rsp_xbar_mux_001|arb                                                                                                                                      ; 10    ; 0              ; 4            ; 0              ; 6      ; 0               ; 0             ; 0               ; 0     ; 0              ; 0            ; 0                ; 0                 ;
; u0|rsp_xbar_mux_001                                                                                                                                          ; 591   ; 0              ; 0            ; 0              ; 104    ; 0               ; 0             ; 0               ; 0     ; 0              ; 0            ; 0                ; 0                 ;
; u0|rsp_xbar_mux|arb|adder                                                                                                                                    ; 8     ; 4              ; 0            ; 4              ; 4      ; 4               ; 4             ; 4               ; 0     ; 0              ; 0            ; 0                ; 0                 ;
; u0|rsp_xbar_mux|arb                                                                                                                                          ; 6     ; 0              ; 4            ; 0              ; 2      ; 0               ; 0             ; 0               ; 0     ; 0              ; 0            ; 0                ; 0                 ;
; u0|rsp_xbar_mux                                                                                                                                              ; 199   ; 0              ; 0            ; 0              ; 100    ; 0               ; 0             ; 0               ; 0     ; 0              ; 0            ; 0                ; 0                 ;
; u0|rsp_xbar_demux_005                                                                                                                                        ; 101   ; 1              ; 2            ; 1              ; 99     ; 1               ; 1             ; 1               ; 0     ; 0              ; 0            ; 0                ; 0                 ;
; u0|rsp_xbar_demux_004                                                                                                                                        ; 101   ; 1              ; 2            ; 1              ; 99     ; 1               ; 1             ; 1               ; 0     ; 0              ; 0            ; 0                ; 0                 ;
; u0|rsp_xbar_demux_003                                                                                                                                        ; 101   ; 1              ; 2            ; 1              ; 99     ; 1               ; 1             ; 1               ; 0     ; 0              ; 0            ; 0                ; 0                 ;
; u0|rsp_xbar_demux_002                                                                                                                                        ; 101   ; 1              ; 2            ; 1              ; 99     ; 1               ; 1             ; 1               ; 0     ; 0              ; 0            ; 0                ; 0                 ;
; u0|rsp_xbar_demux_001                                                                                                                                        ; 102   ; 4              ; 2            ; 4              ; 197    ; 4               ; 4             ; 4               ; 0     ; 0              ; 0            ; 0                ; 0                 ;
; u0|rsp_xbar_demux                                                                                                                                            ; 102   ; 4              ; 2            ; 4              ; 197    ; 4               ; 4             ; 4               ; 0     ; 0              ; 0            ; 0                ; 0                 ;
; u0|cmd_xbar_mux_001|arb|adder                                                                                                                                ; 8     ; 2              ; 0            ; 2              ; 4      ; 2               ; 2             ; 2               ; 0     ; 0              ; 0            ; 0                ; 0                 ;
; u0|cmd_xbar_mux_001|arb                                                                                                                                      ; 6     ; 0              ; 1            ; 0              ; 2      ; 0               ; 0             ; 0               ; 0     ; 0              ; 0            ; 0                ; 0                 ;
; u0|cmd_xbar_mux_001                                                                                                                                          ; 199   ; 0              ; 0            ; 0              ; 100    ; 0               ; 0             ; 0               ; 0     ; 0              ; 0            ; 0                ; 0                 ;
; u0|cmd_xbar_mux|arb|adder                                                                                                                                    ; 8     ; 2              ; 0            ; 2              ; 4      ; 2               ; 2             ; 2               ; 0     ; 0              ; 0            ; 0                ; 0                 ;
; u0|cmd_xbar_mux|arb                                                                                                                                          ; 6     ; 0              ; 1            ; 0              ; 2      ; 0               ; 0             ; 0               ; 0     ; 0              ; 0            ; 0                ; 0                 ;
; u0|cmd_xbar_mux                                                                                                                                              ; 199   ; 0              ; 0            ; 0              ; 100    ; 0               ; 0             ; 0               ; 0     ; 0              ; 0            ; 0                ; 0                 ;
; u0|cmd_xbar_demux_001                                                                                                                                        ; 106   ; 36             ; 2            ; 36             ; 589    ; 36              ; 36            ; 36              ; 0     ; 0              ; 0            ; 0                ; 0                 ;
; u0|cmd_xbar_demux                                                                                                                                            ; 102   ; 4              ; 2            ; 4              ; 197    ; 4               ; 4             ; 4               ; 0     ; 0              ; 0            ; 0                ; 0                 ;
; u0|rst_controller|alt_rst_sync_uq1                                                                                                                           ; 2     ; 0              ; 0            ; 0              ; 1      ; 0               ; 0             ; 0               ; 0     ; 0              ; 0            ; 0                ; 0                 ;
; u0|rst_controller                                                                                                                                            ; 17    ; 15             ; 0            ; 15             ; 1      ; 15              ; 15            ; 15              ; 0     ; 0              ; 0            ; 0                ; 0                 ;
; u0|id_router_005|the_default_decode                                                                                                                          ; 0     ; 9              ; 0            ; 9              ; 9      ; 9               ; 9             ; 9               ; 0     ; 0              ; 0            ; 0                ; 0                 ;
; u0|id_router_005                                                                                                                                             ; 95    ; 0              ; 2            ; 0              ; 99     ; 0               ; 0             ; 0               ; 0     ; 0              ; 0            ; 0                ; 0                 ;
; u0|id_router_004|the_default_decode                                                                                                                          ; 0     ; 9              ; 0            ; 9              ; 9      ; 9               ; 9             ; 9               ; 0     ; 0              ; 0            ; 0                ; 0                 ;
; u0|id_router_004                                                                                                                                             ; 95    ; 0              ; 2            ; 0              ; 99     ; 0               ; 0             ; 0               ; 0     ; 0              ; 0            ; 0                ; 0                 ;
; u0|id_router_003|the_default_decode                                                                                                                          ; 0     ; 9              ; 0            ; 9              ; 9      ; 9               ; 9             ; 9               ; 0     ; 0              ; 0            ; 0                ; 0                 ;
; u0|id_router_003                                                                                                                                             ; 95    ; 0              ; 2            ; 0              ; 99     ; 0               ; 0             ; 0               ; 0     ; 0              ; 0            ; 0                ; 0                 ;
; u0|id_router_002|the_default_decode                                                                                                                          ; 0     ; 9              ; 0            ; 9              ; 9      ; 9               ; 9             ; 9               ; 0     ; 0              ; 0            ; 0                ; 0                 ;
; u0|id_router_002                                                                                                                                             ; 95    ; 0              ; 2            ; 0              ; 99     ; 0               ; 0             ; 0               ; 0     ; 0              ; 0            ; 0                ; 0                 ;
; u0|id_router_001|the_default_decode                                                                                                                          ; 0     ; 9              ; 0            ; 9              ; 9      ; 9               ; 9             ; 9               ; 0     ; 0              ; 0            ; 0                ; 0                 ;
; u0|id_router_001                                                                                                                                             ; 95    ; 0              ; 2            ; 0              ; 99     ; 0               ; 0             ; 0               ; 0     ; 0              ; 0            ; 0                ; 0                 ;
; u0|id_router|the_default_decode                                                                                                                              ; 0     ; 9              ; 0            ; 9              ; 9      ; 9               ; 9             ; 9               ; 0     ; 0              ; 0            ; 0                ; 0                 ;
; u0|id_router                                                                                                                                                 ; 95    ; 0              ; 2            ; 0              ; 99     ; 0               ; 0             ; 0               ; 0     ; 0              ; 0            ; 0                ; 0                 ;
; u0|addr_router_001|the_default_decode                                                                                                                        ; 0     ; 9              ; 0            ; 9              ; 9      ; 9               ; 9             ; 9               ; 0     ; 0              ; 0            ; 0                ; 0                 ;
; u0|addr_router_001                                                                                                                                           ; 95    ; 0              ; 5            ; 0              ; 99     ; 0               ; 0             ; 0               ; 0     ; 0              ; 0            ; 0                ; 0                 ;
; u0|addr_router|the_default_decode                                                                                                                            ; 0     ; 9              ; 0            ; 9              ; 9      ; 9               ; 9             ; 9               ; 0     ; 0              ; 0            ; 0                ; 0                 ;
; u0|addr_router                                                                                                                                               ; 95    ; 0              ; 5            ; 0              ; 99     ; 0               ; 0             ; 0               ; 0     ; 0              ; 0            ; 0                ; 0                 ;
; u0|bus1_s1_translator_avalon_universal_slave_0_agent_rsp_fifo                                                                                                ; 135   ; 39             ; 0            ; 39             ; 94     ; 39              ; 39            ; 39              ; 0     ; 0              ; 0            ; 0                ; 0                 ;
; u0|bus1_s1_translator_avalon_universal_slave_0_agent|uncompressor                                                                                            ; 32    ; 1              ; 0            ; 1              ; 30     ; 1               ; 1             ; 1               ; 0     ; 0              ; 0            ; 0                ; 0                 ;
; u0|bus1_s1_translator_avalon_universal_slave_0_agent                                                                                                         ; 268   ; 39             ; 43           ; 39             ; 282    ; 39              ; 39            ; 39              ; 0     ; 0              ; 0            ; 0                ; 0                 ;
; u0|bus2_s1_translator_avalon_universal_slave_0_agent_rsp_fifo                                                                                                ; 135   ; 39             ; 0            ; 39             ; 94     ; 39              ; 39            ; 39              ; 0     ; 0              ; 0            ; 0                ; 0                 ;
; u0|bus2_s1_translator_avalon_universal_slave_0_agent|uncompressor                                                                                            ; 32    ; 1              ; 0            ; 1              ; 30     ; 1               ; 1             ; 1               ; 0     ; 0              ; 0            ; 0                ; 0                 ;
; u0|bus2_s1_translator_avalon_universal_slave_0_agent                                                                                                         ; 268   ; 39             ; 43           ; 39             ; 282    ; 39              ; 39            ; 39              ; 0     ; 0              ; 0            ; 0                ; 0                 ;
; u0|bus3_s1_translator_avalon_universal_slave_0_agent_rsp_fifo                                                                                                ; 135   ; 39             ; 0            ; 39             ; 94     ; 39              ; 39            ; 39              ; 0     ; 0              ; 0            ; 0                ; 0                 ;
; u0|bus3_s1_translator_avalon_universal_slave_0_agent|uncompressor                                                                                            ; 32    ; 1              ; 0            ; 1              ; 30     ; 1               ; 1             ; 1               ; 0     ; 0              ; 0            ; 0                ; 0                 ;
; u0|bus3_s1_translator_avalon_universal_slave_0_agent                                                                                                         ; 268   ; 39             ; 43           ; 39             ; 282    ; 39              ; 39            ; 39              ; 0     ; 0              ; 0            ; 0                ; 0                 ;
; u0|rs232_s1_translator_avalon_universal_slave_0_agent_rsp_fifo                                                                                               ; 135   ; 39             ; 0            ; 39             ; 94     ; 39              ; 39            ; 39              ; 0     ; 0              ; 0            ; 0                ; 0                 ;
; u0|rs232_s1_translator_avalon_universal_slave_0_agent|uncompressor                                                                                           ; 32    ; 1              ; 0            ; 1              ; 30     ; 1               ; 1             ; 1               ; 0     ; 0              ; 0            ; 0                ; 0                 ;
; u0|rs232_s1_translator_avalon_universal_slave_0_agent                                                                                                        ; 268   ; 39             ; 43           ; 39             ; 282    ; 39              ; 39            ; 39              ; 0     ; 0              ; 0            ; 0                ; 0                 ;
; u0|onchip_memory2_0_s1_translator_avalon_universal_slave_0_agent_rsp_fifo                                                                                    ; 135   ; 39             ; 0            ; 39             ; 94     ; 39              ; 39            ; 39              ; 0     ; 0              ; 0            ; 0                ; 0                 ;
; u0|onchip_memory2_0_s1_translator_avalon_universal_slave_0_agent|uncompressor                                                                                ; 32    ; 1              ; 0            ; 1              ; 30     ; 1               ; 1             ; 1               ; 0     ; 0              ; 0            ; 0                ; 0                 ;
; u0|onchip_memory2_0_s1_translator_avalon_universal_slave_0_agent                                                                                             ; 268   ; 39             ; 43           ; 39             ; 282    ; 39              ; 39            ; 39              ; 0     ; 0              ; 0            ; 0                ; 0                 ;
; u0|nios2_qsys_0_jtag_debug_module_translator_avalon_universal_slave_0_agent_rsp_fifo                                                                         ; 135   ; 39             ; 0            ; 39             ; 94     ; 39              ; 39            ; 39              ; 0     ; 0              ; 0            ; 0                ; 0                 ;
; u0|nios2_qsys_0_jtag_debug_module_translator_avalon_universal_slave_0_agent|uncompressor                                                                     ; 32    ; 1              ; 0            ; 1              ; 30     ; 1               ; 1             ; 1               ; 0     ; 0              ; 0            ; 0                ; 0                 ;
; u0|nios2_qsys_0_jtag_debug_module_translator_avalon_universal_slave_0_agent                                                                                  ; 268   ; 39             ; 43           ; 39             ; 282    ; 39              ; 39            ; 39              ; 0     ; 0              ; 0            ; 0                ; 0                 ;
; u0|nios2_qsys_0_data_master_translator_avalon_universal_master_0_agent                                                                                       ; 161   ; 35             ; 66           ; 35             ; 127    ; 35              ; 35            ; 35              ; 0     ; 0              ; 0            ; 0                ; 0                 ;
; u0|nios2_qsys_0_instruction_master_translator_avalon_universal_master_0_agent                                                                                ; 161   ; 35             ; 66           ; 35             ; 127    ; 35              ; 35            ; 35              ; 0     ; 0              ; 0            ; 0                ; 0                 ;
; u0|bus1_s1_translator                                                                                                                                        ; 100   ; 7              ; 17           ; 7              ; 70     ; 7               ; 7             ; 7               ; 0     ; 0              ; 0            ; 0                ; 0                 ;
; u0|bus2_s1_translator                                                                                                                                        ; 100   ; 7              ; 17           ; 7              ; 70     ; 7               ; 7             ; 7               ; 0     ; 0              ; 0            ; 0                ; 0                 ;
; u0|bus3_s1_translator                                                                                                                                        ; 100   ; 7              ; 17           ; 7              ; 70     ; 7               ; 7             ; 7               ; 0     ; 0              ; 0            ; 0                ; 0                 ;
; u0|rs232_s1_translator                                                                                                                                       ; 84    ; 23             ; 32           ; 23             ; 57     ; 23              ; 23            ; 23              ; 0     ; 0              ; 0            ; 0                ; 0                 ;
; u0|onchip_memory2_0_s1_translator                                                                                                                            ; 100   ; 8              ; 4            ; 8              ; 85     ; 8               ; 8             ; 8               ; 0     ; 0              ; 0            ; 0                ; 0                 ;
; u0|nios2_qsys_0_jtag_debug_module_translator                                                                                                                 ; 100   ; 6              ; 7            ; 6              ; 82     ; 6               ; 6             ; 6               ; 0     ; 0              ; 0            ; 0                ; 0                 ;
; u0|nios2_qsys_0_data_master_translator                                                                                                                       ; 101   ; 13             ; 0            ; 13             ; 92     ; 13              ; 13            ; 13              ; 0     ; 0              ; 0            ; 0                ; 0                 ;
; u0|nios2_qsys_0_instruction_master_translator                                                                                                                ; 101   ; 52             ; 0            ; 52             ; 92     ; 52              ; 52            ; 52              ; 0     ; 0              ; 0            ; 0                ; 0                 ;
; u0|bus3                                                                                                                                                      ; 38    ; 24             ; 24           ; 24             ; 40     ; 24              ; 24            ; 24              ; 0     ; 0              ; 0            ; 0                ; 0                 ;
; u0|bus2                                                                                                                                                      ; 38    ; 24             ; 24           ; 24             ; 40     ; 24              ; 24            ; 24              ; 0     ; 0              ; 0            ; 0                ; 0                 ;
; u0|bus1                                                                                                                                                      ; 38    ; 24             ; 24           ; 24             ; 40     ; 24              ; 24            ; 24              ; 0     ; 0              ; 0            ; 0                ; 0                 ;
; u0|rs232|the_nios_led_rs232_regs                                                                                                                             ; 41    ; 9              ; 6            ; 9              ; 40     ; 9               ; 9             ; 9               ; 0     ; 0              ; 0            ; 0                ; 0                 ;
; u0|rs232|the_nios_led_rs232_rx|the_nios_led_rs232_rx_stimulus_source                                                                                         ; 14    ; 0              ; 13           ; 0              ; 1      ; 0               ; 0             ; 0               ; 0     ; 0              ; 0            ; 0                ; 0                 ;
; u0|rs232|the_nios_led_rs232_rx                                                                                                                               ; 16    ; 1              ; 0            ; 1              ; 13     ; 1               ; 1             ; 1               ; 0     ; 0              ; 0            ; 0                ; 0                 ;
; u0|rs232|the_nios_led_rs232_tx                                                                                                                               ; 24    ; 0              ; 0            ; 0              ; 4      ; 0               ; 0             ; 0               ; 0     ; 0              ; 0            ; 0                ; 0                 ;
; u0|rs232                                                                                                                                                     ; 26    ; 0              ; 0            ; 0              ; 18     ; 0               ; 0             ; 0               ; 0     ; 0              ; 0            ; 0                ; 0                 ;
; u0|onchip_memory2_0|the_altsyncram|auto_generated                                                                                                            ; 51    ; 0              ; 0            ; 0              ; 32     ; 0               ; 0             ; 0               ; 0     ; 0              ; 0            ; 0                ; 0                 ;
; u0|onchip_memory2_0                                                                                                                                          ; 53    ; 0              ; 1            ; 0              ; 32     ; 0               ; 0             ; 0               ; 0     ; 0              ; 0            ; 0                ; 0                 ;
; u0|nios2_qsys_0|the_nios_led_nios2_qsys_0_nios2_oci|the_nios_led_nios2_qsys_0_jtag_debug_module_wrapper|the_nios_led_nios2_qsys_0_jtag_debug_module_sysclk   ; 43    ; 0              ; 0            ; 0              ; 51     ; 0               ; 0             ; 0               ; 0     ; 0              ; 0            ; 0                ; 0                 ;
; u0|nios2_qsys_0|the_nios_led_nios2_qsys_0_nios2_oci|the_nios_led_nios2_qsys_0_jtag_debug_module_wrapper|the_nios_led_nios2_qsys_0_jtag_debug_module_tck      ; 130   ; 0              ; 1            ; 0              ; 43     ; 0               ; 0             ; 0               ; 0     ; 0              ; 0            ; 0                ; 0                 ;
; u0|nios2_qsys_0|the_nios_led_nios2_qsys_0_nios2_oci|the_nios_led_nios2_qsys_0_jtag_debug_module_wrapper                                                      ; 123   ; 0              ; 0            ; 0              ; 53     ; 0               ; 0             ; 0               ; 0     ; 0              ; 0            ; 0                ; 0                 ;
; u0|nios2_qsys_0|the_nios_led_nios2_qsys_0_nios2_oci|the_nios_led_nios2_qsys_0_nios2_oci_im                                                                   ; 97    ; 36             ; 93           ; 36             ; 48     ; 36              ; 36            ; 36              ; 0     ; 0              ; 0            ; 0                ; 0                 ;
; u0|nios2_qsys_0|the_nios_led_nios2_qsys_0_nios2_oci|the_nios_led_nios2_qsys_0_nios2_oci_pib                                                                  ; 39    ; 20             ; 38           ; 20             ; 19     ; 20              ; 20            ; 20              ; 0     ; 0              ; 0            ; 0                ; 0                 ;
; u0|nios2_qsys_0|the_nios_led_nios2_qsys_0_nios2_oci|the_nios_led_nios2_qsys_0_nios2_oci_fifo|the_nios_led_nios2_qsys_0_oci_test_bench                        ; 36    ; 0              ; 36           ; 0              ; 0      ; 0               ; 0             ; 0               ; 0     ; 0              ; 0            ; 0                ; 0                 ;
; u0|nios2_qsys_0|the_nios_led_nios2_qsys_0_nios2_oci|the_nios_led_nios2_qsys_0_nios2_oci_fifo|nios_led_nios2_qsys_0_nios2_oci_fifocount_inc_fifocount         ; 5     ; 0              ; 0            ; 0              ; 5      ; 0               ; 0             ; 0               ; 0     ; 0              ; 0            ; 0                ; 0                 ;
; u0|nios2_qsys_0|the_nios_led_nios2_qsys_0_nios2_oci|the_nios_led_nios2_qsys_0_nios2_oci_fifo|nios_led_nios2_qsys_0_nios2_oci_fifowp_inc_fifowp               ; 4     ; 2              ; 0            ; 2              ; 4      ; 2               ; 2             ; 2               ; 0     ; 0              ; 0            ; 0                ; 0                 ;
; u0|nios2_qsys_0|the_nios_led_nios2_qsys_0_nios2_oci|the_nios_led_nios2_qsys_0_nios2_oci_fifo|nios_led_nios2_qsys_0_nios2_oci_compute_tm_count_tm_count       ; 3     ; 0              ; 0            ; 0              ; 2      ; 0               ; 0             ; 0               ; 0     ; 0              ; 0            ; 0                ; 0                 ;
; u0|nios2_qsys_0|the_nios_led_nios2_qsys_0_nios2_oci|the_nios_led_nios2_qsys_0_nios2_oci_fifo                                                                 ; 151   ; 0              ; 65           ; 0              ; 36     ; 0               ; 0             ; 0               ; 0     ; 0              ; 0            ; 0                ; 0                 ;
; u0|nios2_qsys_0|the_nios_led_nios2_qsys_0_nios2_oci|the_nios_led_nios2_qsys_0_nios2_oci_dtrace|nios_led_nios2_qsys_0_nios2_oci_trc_ctrl_td_mode              ; 9     ; 0              ; 6            ; 0              ; 4      ; 0               ; 0             ; 0               ; 0     ; 0              ; 0            ; 0                ; 0                 ;
; u0|nios2_qsys_0|the_nios_led_nios2_qsys_0_nios2_oci|the_nios_led_nios2_qsys_0_nios2_oci_dtrace                                                               ; 101   ; 0              ; 90           ; 0              ; 72     ; 0               ; 0             ; 0               ; 0     ; 0              ; 0            ; 0                ; 0                 ;
; u0|nios2_qsys_0|the_nios_led_nios2_qsys_0_nios2_oci|the_nios_led_nios2_qsys_0_nios2_oci_itrace                                                               ; 25    ; 17             ; 23           ; 17             ; 87     ; 17              ; 17            ; 17              ; 0     ; 0              ; 0            ; 0                ; 0                 ;
; u0|nios2_qsys_0|the_nios_led_nios2_qsys_0_nios2_oci|the_nios_led_nios2_qsys_0_nios2_oci_dbrk                                                                 ; 86    ; 0              ; 0            ; 0              ; 90     ; 0               ; 0             ; 0               ; 0     ; 0              ; 0            ; 0                ; 0                 ;
; u0|nios2_qsys_0|the_nios_led_nios2_qsys_0_nios2_oci|the_nios_led_nios2_qsys_0_nios2_oci_xbrk                                                                 ; 52    ; 5              ; 49           ; 5              ; 6      ; 5               ; 5             ; 5               ; 0     ; 0              ; 0            ; 0                ; 0                 ;
; u0|nios2_qsys_0|the_nios_led_nios2_qsys_0_nios2_oci|the_nios_led_nios2_qsys_0_nios2_oci_break                                                                ; 52    ; 36             ; 6            ; 36             ; 71     ; 36              ; 36            ; 36              ; 0     ; 0              ; 0            ; 0                ; 0                 ;
; u0|nios2_qsys_0|the_nios_led_nios2_qsys_0_nios2_oci|the_nios_led_nios2_qsys_0_nios2_avalon_reg                                                               ; 48    ; 0              ; 29           ; 0              ; 68     ; 0               ; 0             ; 0               ; 0     ; 0              ; 0            ; 0                ; 0                 ;
; u0|nios2_qsys_0|the_nios_led_nios2_qsys_0_nios2_oci|the_nios_led_nios2_qsys_0_nios2_ocimem|nios_led_nios2_qsys_0_ociram_sp_ram|the_altsyncram|auto_generated ; 46    ; 0              ; 0            ; 0              ; 32     ; 0               ; 0             ; 0               ; 0     ; 0              ; 0            ; 0                ; 0                 ;
; u0|nios2_qsys_0|the_nios_led_nios2_qsys_0_nios2_oci|the_nios_led_nios2_qsys_0_nios2_ocimem|nios_led_nios2_qsys_0_ociram_sp_ram                               ; 46    ; 0              ; 0            ; 0              ; 32     ; 0               ; 0             ; 0               ; 0     ; 0              ; 0            ; 0                ; 0                 ;
; u0|nios2_qsys_0|the_nios_led_nios2_qsys_0_nios2_oci|the_nios_led_nios2_qsys_0_nios2_ocimem                                                                   ; 91    ; 0              ; 6            ; 0              ; 65     ; 0               ; 0             ; 0               ; 0     ; 0              ; 0            ; 0                ; 0                 ;
; u0|nios2_qsys_0|the_nios_led_nios2_qsys_0_nios2_oci|the_nios_led_nios2_qsys_0_nios2_oci_debug                                                                ; 50    ; 1              ; 30           ; 1              ; 7      ; 1               ; 1             ; 1               ; 0     ; 0              ; 0            ; 0                ; 0                 ;
; u0|nios2_qsys_0|the_nios_led_nios2_qsys_0_nios2_oci                                                                                                          ; 153   ; 0              ; 0            ; 0              ; 69     ; 0               ; 0             ; 0               ; 0     ; 0              ; 0            ; 0                ; 0                 ;
; u0|nios2_qsys_0|nios_led_nios2_qsys_0_register_bank_b|the_altsyncram|auto_generated                                                                          ; 44    ; 0              ; 0            ; 0              ; 32     ; 0               ; 0             ; 0               ; 0     ; 0              ; 0            ; 0                ; 0                 ;
; u0|nios2_qsys_0|nios_led_nios2_qsys_0_register_bank_b                                                                                                        ; 44    ; 0              ; 0            ; 0              ; 32     ; 0               ; 0             ; 0               ; 0     ; 0              ; 0            ; 0                ; 0                 ;
; u0|nios2_qsys_0|nios_led_nios2_qsys_0_register_bank_a|the_altsyncram|auto_generated                                                                          ; 44    ; 0              ; 0            ; 0              ; 32     ; 0               ; 0             ; 0               ; 0     ; 0              ; 0            ; 0                ; 0                 ;
; u0|nios2_qsys_0|nios_led_nios2_qsys_0_register_bank_a                                                                                                        ; 44    ; 0              ; 0            ; 0              ; 32     ; 0               ; 0             ; 0               ; 0     ; 0              ; 0            ; 0                ; 0                 ;
; u0|nios2_qsys_0|the_nios_led_nios2_qsys_0_test_bench                                                                                                         ; 266   ; 3              ; 229          ; 3              ; 34     ; 3               ; 3             ; 3               ; 0     ; 0              ; 0            ; 0                ; 0                 ;
; u0|nios2_qsys_0                                                                                                                                              ; 148   ; 0              ; 31           ; 0              ; 106    ; 0               ; 0             ; 0               ; 0     ; 0              ; 0            ; 0                ; 0                 ;
; u0                                                                                                                                                           ; 2     ; 6              ; 0            ; 6              ; 25     ; 6               ; 6             ; 6               ; 0     ; 0              ; 0            ; 0                ; 0                 ;
+--------------------------------------------------------------------------------------------------------------------------------------------------------------+-------+----------------+--------------+----------------+--------+-----------------+---------------+-----------------+-------+----------------+--------------+------------------+-------------------+
